999
 65	113	182	100	172	 29	148	 99	160	  3	108	 40	 36	147	180	178	 67	165	184	 20	178	 66	139	 38	 16	190	 88	119	 61	196	 12	 96	122	186	 96	122	142	 38	  5	 18	 19	165	 16	 54	 19	133	 28	 14	128	126	197	152	 40	108	128	184	 23	193	 85	 66	191	 25	 57	 20	  1	196	141	165	107	 16	133	 60	123	 88	130	 26	100	  7	153	 72	108	143	 18	180	199	 56	 80	128	 78	198	 99	 78	 44	 37	 91	146	 83	 10	140	181	 45	 45	 37	156	199	 29	118	 90	115	 18	157	 13	172	 84	137	 40	 34	106	168	 81	 32	188	 63	167	171	 68	 93	141	198	 68	 69	140	 72	138	198	142	 36	146	179	149	149	183	126	122	 87	 14	123	150	117	 50	132	173	 17	140	129	 95	150	 44	 62	 43	197	 46	111	193	175	 25	142	 29	112	135	179	 81	 13	 43	101	107	151	 72	 28	 24	 72	200	 39	 28	  8	198	133	182	114	127	 22	 36	 38	168	146	119	 18	 50	 51	194	 74	 74	 94	160	 14	 49	 35	 84	 75	189	 67	124	 39	 28	133	 46	 99	185	149	 63	195	 63	  2	 32	 58	 46	 71	175	  7	152	194	 71	 36	138	118	 78	162	187	 66	 24	198	191	 78	 51	 99	 12	152	186	  3	157	169	166	 89	 60	 86	108	146	 93	  7	114	 10	122	 34	188	 27	 57	 69	 71	162	 13	 37	 60	164	163	116	147	 41	 67	155	184	109	101	146	 91	192	 47	198	 12	146	 32	172	145	 81	195	 75	 36	 68	 24	 15	 46	123	 69	166	 36	178	189	 68	152	 34	 78	182	 92	  9	157	124	 61	 49	 54	 12	175	119	 77	144	110	164	162	 71	151	105	 76	 38	 36	 28	124	113	113	173	 69	 59	135	 46	 42	 26	 39	 65	 72	 50	102	 97	 86	 85	190	179	158	 24	 12	121	 72	 27	 74	192	 57	 59	 14	181	160	 40	136	  7	130	 80	188	132	 35	118	 83	 95	132	 77	137	173	177	119	155	105	  2	196	  9	 53	 85	 45	167	 91	189	164	 31	 89	 89	191	178	 76	199	166	 41	173	112	 50	133	112	195	131	186	148	 93	100	 68	 95	 59	117	183	 12	 90	 33	 53	195	 61	 19	 52	 13	197	 57	  6	 46	119	 29	193	120	 31	174	 19	 63	192	140	182	113	 64	 86	109	  2	 45	178	 89	136	102	115	 27	144	 59	 42	101	116	141	127	 26	119	157	 70	 84	 89	100	197	  4	 96	158	111	181	139	171	165	180	 14	 59	103	 97	  8	121	 56	161	124	 73	167	179	132	181	 46	174	122	175	193	 91	 54	 57	 27	200	137	168	117	  8	180	 86	176	 13	 44	  3	 62	136	 85	133	120	170	 64	176	128	137	 41	145	189	 36	 34	134	 43	 36	 46	  3	193	107	122	101	 56	186	142	 29	 42	 54	130	 94	184	195	 55	171	101	174	107	193	 23	112	149	 47	172	115	 84	 27	 92	 67	141	 61	190	 88	153	  8	  8	 52	186	 61	 74	126	115	159	199	139	 33	189	 23	 18	186	 96	 82	108	 85	 44	 67	138	 48	 29	 70	133	156	172	 33	153	194	 91	 73	178	167	179	  6	 42	 56	  4	145	186	166	194	132	 77	 76	146	 15	 11	157	 43	108	 31	 10	 26	200	199	 55	134	 62	140	 43	150	131	163	 43	106	  8	120	129	 57	 84	 36	127	163	 49	 91	131	 73	160	 93	200	 65	176	129	 12	 53	138	178	 77	 48	 66	 65	149	105	 96	176	 61	 85	132	102	152	120	143	181	194	100	195	 73	 13	  1	 91	101	101	141	129	102	174	 84	 55	 14	  8	173	 44	155	133	190	128	128	123	179	133	 13	 99	158	 31	 30	198	 77	 54	153	 47	  4	 66	 71	 82	145	113	 90	150	 98	 10	 60	110	197	 76	193	161	178	 22	 70	  1	162	 71	168	102	 64	155	171	176	134	135	 68	167	139	104	122	129	125	  3	154	112	  3	 27	  7	181	200	 12	120	121	138	 70	 34	 30	170	167	 67	189	 54	196	 39	 74	139	162	175	 40	102	 14	 32	 77	 32	 14	116	 78	 78	 90	174	 73	133	 71	 93	136	  3	147	 48	 81	140	 13	165	 66	 13	128	 88	 56	102	109	141	112	187	 41	101	 80	115	 73	  9	 74	149	 71	180	112	 99	 97	 80	169	147	 53	177	193	 28	 51	 50	122	 47	127	 86	 36	 22	107	 70	  9	114	169	197	174	109	135	 75	158	192	132	  5	126	 43	 77	108	165	 12	 36	 24	 43	 40	 40	117	178	 47	112	 63	 64	155	 58	143	  1	129	 14	 11	129	154	 92	132	 63	 39	200	115	111	 68	101	 29	109	 18	 72	 38	130	 22	177	 91	 36	 37	122	 55	140	146	108	149	 47	129	 64	101	181	 53	 35	 94	 93	194	177	190	144	187	171	163	 19	132	177	104	 19	 30	 88	163	 27	118	 36	134	188	 96	 97	 35	  8	 68	161	 30	 17	200	 58	162	 50	169	115	 67	124	 10	 18	 30	 75	 26	111	 21	 74	 26	194	 33	 85	 31	194	119	 14	180	  2	 15	 28	188	 82	 36	 64	 97	 15	 42	107	200	154	  9	  9	 83	 65	145	104	182	143	118	 75	180	 98	125	 32	191	200	 66	 32	108	184
999
 48
197
126
 30
 53
 84
 26
134
 31
 38
 77
247
 38
 67
219
191
163
 30
221
197
 29
242
  3
239
 48
104
 42
 50
152
120
 79
202
214
 40
 53
 56
233
162
 86
184
153
230
147
223
 38
154
 47
245
186
225
 18
182
158
134
222
 40
 57
 79
 18
 32
  7
 75
248
 50
 36
160
  5
 83
 71
225
 96
249
123
 80
 51
151
 17
 12
158
192
173
 47
 68
102
 44
 13
133
192
180
 44
 54
122
224
 46
110
213
220
 76
 16
136
 49
125
 70
 76
 77
 40
249
 44
138
187
242
 41
205
166
 19
183
 46
195
 63
 31
 82
 15
232
216
 98
 12
 47
109
113
227
 26
 38
 48
 23
244
 85
134
 56
127
241
212
106
 15
153
201
111
247
 24
117
 89
 21
127
  4
159
135
 82
132
234
183
 17
105
 57
159
 69
 72
 32
 76
126
150
123
156
 84
216
 29
 58
 70
174
 18
 68
115
160
157
205
120
 32
 58
220
211
139
 94
 93
155
 49
143
198
236
 94
 51
 64
109
153
237
 68
111
247
237
112
  5
208
185
228
 27
 45
 44
246
 30
 47
217
195
120
 23
 25
183
194
224
 50
 35
 32
105
174
 27
240
  2
214
176
216
 68
 35
111
242
130
152
 64
 86
184
 32
243
 10
220
187
142
131
 91
 35
194
  9
138
148
 67
226
 97
  1
188
194
 44
173
157
131
133
102
178
111
111
172
 86
 11
189
205
 32
136
 48
 64
 79
 59
190
104
 74
 12
 83
 53
111
219
 88
  6
 29
145
230
 21
200
214
195
 79
 43
 77
 82
 98
215
170
179
225
 68
189
 31
185
201
243
212
113
 64
 84
 90
  2
167
223
151
183
 62
103
 18
 55
180
248
 79
 62
 97
 47
  5
  1
181
 43
242
 28
150
111
164
 97
101
 18
163
  6
 37
214
 19
109
240
 94
 46
 78
 29
186
 81
 40
 50
234
236
102
 34
 17
123
176
 25
235
 85
121
 66
218
165
154
178
 20
185
138
176
238
 46
105
155
197
124
 32
 69
 97
  1
230
189
189
102
183
168
227
 59
113
 64
201
 15
186
  1
234
 52
227
 65
152
 96
182
146
214
 81
 54
 16
227
183
229
 22
198
164
130
128
216
 89
199
190
 18
169
100
  1
211
211
 87
159
247
 48
  6
  5
 44
154
 88
204
145
 94
202
 41
215
160
 39
138
 98
111
115
209
  6
106
156
228
205
  7
 29
  1
 31
 84
190
171
224
122
 30
146
154
 38
 22
250
 83
206
214
222
183
  6
178
 54
118
142
166
173
223
 78
222
205
119
104
 71
 59
 15
103
 95
 16
128
216
236
116
164
 23
122
153
 56
117
246
213
111
246
 83
 84
157
201
105
 98
 57
102
172
 46
 47
 21
 86
 24
 96
163
207
137
 44
229
181
 34
 61
 61
 83
 96
 99
150
187
 18
177
130
173
194
197
196
108
115
 86
226
163
164
 17
 81
178
135
 26
226
 99
126
137
 55
 97
215
180
109
 52
 89
108
171
119
242
168
138
202
155
 63
 57
 99
 31
250
 66
  9
190
 78
 42
213
 65
  6
 21
 54
 83
129
 12
 83
158
 32
 30
 95
 87
 40
 55
110
 92
164
 68
231
100
 56
143
  2
225
 53
 74
 53
213
 51
203
  7
228
 88
 87
151
 40
204
102
126
243
 80
 41
119
 80
 26
154
205
 57
185
155
 34
 68
238
249
190
 71
 17
114
166
250
186
123
196
 66
 20
 60
118
216
161
 88
214
138
 75
 37
123
243
 83
 22
167
125
158
100
 64
234
122
 66
204
 39
 81
 90
153
121
186
  2
 87
 11
113
167
150
174
243
 94
228
 92
 36
 17
149
116
 31
 31
233
196
158
 69
118
244
 66
139
136
165
192
228
 99
 97
132
 21
 91
 53
 38
 73
120
210
 29
250
197
 87
117
 87
188
165
135
 72
 41
 34
134
206
249
 42
 84
 99
171
199
 87
140
 76
 59
135
 40
228
196
183
140
186
144
 45
125
102
121
  4
182
143
173
199
178
 55
189
 27
125
112
198
195
111
172
 63
 68
200
 61
 55
111
203
210
 63
229
 15
159
 89
 70
139
 68
 47
 49
109
 11
 51
191
 28
  6
 98
179
216
 72
 47
 50
162
 21
154
179
102
192
248
110
  8
100
215
 22
 39
206
249
 77
161
201
212
221
162
 70
 88
242
156
 45
 50
 14
144
236
222
247
139
 60
 45
  7
245
 56
118
172
233
130
 64
240
 78
180
140
173
 58
 99
196
 84
 62
127
222
192
100
195
199
 37
124
 77
 10
 69
128
 27
231
114
  2
173
242
218
 44
116
 32
 16
217
 75
178
 14
113
206
103
166
 67
 45
 39
 56
232
 74
 88
 40
 63
 75
125
107
163
 51
 73
153
198
122
184
173
154
242
202
 53
208
212
121
 25
 11
 57
227
162
134
107
177
154
 43
 94
112
 31
191
  7
144
137
 86
202
142
221
208
233
 84
123
242
168
170
 52
213
124
143
 53
 98
161
 76
 99
 36
131
 87
 24
 16
132
116
133
205
241
 68
236
180
242
 36
144
 23
 54
 75
 84
 73
 87
150
  8
180
 45
204
113
210
184
233
 27
243
161
203
168
214
 81
 40
 42
219
 55
 36
