999
 65	113	182	100	172	 29	148	 99	160	  3	108	 40	 36	147	180	178	 67	165	184	 20	178	 66	139	 38	 16	190	 88	119	 61	196	 12	 96	122	186	 96	122	142	 38	  5	 18	 19	165	 16	 54	 19	133	 28	 14	128	126	197	152	 40	108	128	184	 23	193	 85	 66	191	 25	 57	 20	  1	196	141	165	107	 16	133	 60	123	 88	130	 26	100	  7	153	 72	108	143	 18	180	199	 56	 80	128	 78	198	 99	 78	 44	 37	 91	146	 83	 10	140	181	 45	 45	 37	156	199	 29	118	 90	115	 18	157	 13	172	 84	137	 40	 34	106	168	 81	 32	188	 63	167	171	 68	 93	141	198	 68	 69	140	 72	138	198	142	 36	146	179	149	149	183	126	122	 87	 14	123	150	117	 50	132	173	 17	140	129	 95	150	 44	 62	 43	197	 46	111	193	175	 25	142	 29	112	135	179	 81	 13	 43	101	107	151	 72	 28	 24	 72	200	 39	 28	  8	198	133	182	114	127	 22	 36	 38	168	146	119	 18	 50	 51	194	 74	 74	 94	160	 14	 49	 35	 84	 75	189	 67	124	 39	 28	133	 46	 99	185	149	 63	195	 63	  2	 32	 58	 46	 71	175	  7	152	194	 71	 36	138	118	 78	162	187	 66	 24	198	191	 78	 51	 99	 12	152	186	  3	157	169	166	 89	 60	 86	108	146	 93	  7	114	 10	122	 34	188	 27	 57	 69	 71	162	 13	 37	 60	164	163	116	147	 41	 67	155	184	109	101	146	 91	192	 47	198	 12	146	 32	172	145	 81	195	 75	 36	 68	 24	 15	 46	123	 69	166	 36	178	189	 68	152	 34	 78	182	 92	  9	157	124	 61	 49	 54	 12	175	119	 77	144	110	164	162	 71	151	105	 76	 38	 36	 28	124	113	113	173	 69	 59	135	 46	 42	 26	 39	 65	 72	 50	102	 97	 86	 85	190	179	158	 24	 12	121	 72	 27	 74	192	 57	 59	 14	181	160	 40	136	  7	130	 80	188	132	 35	118	 83	 95	132	 77	137	173	177	119	155	105	  2	196	  9	 53	 85	 45	167	 91	189	164	 31	 89	 89	191	178	 76	199	166	 41	173	112	 50	133	112	195	131	186	148	 93	100	 68	 95	 59	117	183	 12	 90	 33	 53	195	 61	 19	 52	 13	197	 57	  6	 46	119	 29	193	120	 31	174	 19	 63	192	140	182	113	 64	 86	109	  2	 45	178	 89	136	102	115	 27	144	 59	 42	101	116	141	127	 26	119	157	 70	 84	 89	100	197	  4	 96	158	111	181	139	171	165	180	 14	 59	103	 97	  8	121	 56	161	124	 73	167	179	132	181	 46	174	122	175	193	 91	 54	 57	 27	200	137	168	117	  8	180	 86	176	 13	 44	  3	 62	136	 85	133	120	170	 64	176	128	137	 41	145	189	 36	 34	134	 43	 36	 46	  3	193	107	122	101	 56	186	142	 29	 42	 54	130	 94	184	195	 55	171	101	174	107	193	 23	112	149	 47	172	115	 84	 27	 92	 67	141	 61	190	 88	153	  8	  8	 52	186	 61	 74	126	115	159	199	139	 33	189	 23	 18	186	 96	 82	108	 85	 44	 67	138	 48	 29	 70	133	156	172	 33	153	194	 91	 73	178	167	179	  6	 42	 56	  4	145	186	166	194	132	 77	 76	146	 15	 11	157	 43	108	 31	 10	 26	200	199	 55	134	 62	140	 43	150	131	163	 43	106	  8	120	129	 57	 84	 36	127	163	 49	 91	131	 73	160	 93	200	 65	176	129	 12	 53	138	178	 77	 48	 66	 65	149	105	 96	176	 61	 85	132	102	152	120	143	181	194	100	195	 73	 13	  1	 91	101	101	141	129	102	174	 84	 55	 14	  8	173	 44	155	133	190	128	128	123	179	133	 13	 99	158	 31	 30	198	 77	 54	153	 47	  4	 66	 71	 82	145	113	 90	150	 98	 10	 60	110	197	 76	193	161	178	 22	 70	  1	162	 71	168	102	 64	155	171	176	134	135	 68	167	139	104	122	129	125	  3	154	112	  3	 27	  7	181	200	 12	120	121	138	 70	 34	 30	170	167	 67	189	 54	196	 39	 74	139	162	175	 40	102	 14	 32	 77	 32	 14	116	 78	 78	 90	174	 73	133	 71	 93	136	  3	147	 48	 81	140	 13	165	 66	 13	128	 88	 56	102	109	141	112	187	 41	101	 80	115	 73	  9	 74	149	 71	180	112	 99	 97	 80	169	147	 53	177	193	 28	 51	 50	122	 47	127	 86	 36	 22	107	 70	  9	114	169	197	174	109	135	 75	158	192	132	  5	126	 43	 77	108	165	 12	 36	 24	 43	 40	 40	117	178	 47	112	 63	 64	155	 58	143	  1	129	 14	 11	129	154	 92	132	 63	 39	200	115	111	 68	101	 29	109	 18	 72	 38	130	 22	177	 91	 36	 37	122	 55	140	146	108	149	 47	129	 64	101	181	 53	 35	 94	 93	194	177	190	144	187	171	163	 19	132	177	104	 19	 30	 88	163	 27	118	 36	134	188	 96	 97	 35	  8	 68	161	 30	 17	200	 58	162	 50	169	115	 67	124	 10	 18	 30	 75	 26	111	 21	 74	 26	194	 33	 85	 31	194	119	 14	180	  2	 15	 28	188	 82	 36	 64	 97	 15	 42	107	200	154	  9	  9	 83	 65	145	104	182	143	118	 75	180	 98	125	 32	191	200	 66	 32	108	184
100
 95
 13
108
155
 85
140
 94
142
104
200
 43
229
165
123
168
 99
 68
 98
188
 56
190
108
171
 12
208
201
 16
  1
207
 62
223
 64
 72
152
200
238
217
147
130
 81
126
217
 38
238
172
211
 97
141
184
 57
237
127
 72
177
224
160
  5
 70
176
196
236
 16
232
 83
 65
119
175
179
 36
123
 70
 81
 98
181
216
 87
220
142
152
 11
 50
227
 91
 45
157
139
 96
215
208
219
100
177
146
179
 26
107
190
142
180
176
