100
 35	 25	 95	 96	 78	 88	 74	 40	 54	  4	 41	  4	 28	 15	 75	 78	 50	 41	 26	 22	 26	 56	 69	 56	  7	 40	 75	 35	 46	 92	 59	 48	 22	 76	 67	 43	 89	 81	  1	  4	 83	  1	 29	 22	 60	 55	 93	 84	 35	 87	 44	 77	 56	 86	 72	 23	 18	 58	 68	 69	 33	 37	  2	 59	 81	 58	 13	 27	 72	 82	 48	 82	 66	 43	 46	 73	 34	 46	 30	 46	  1	 45	 94	 12	 63	 39	  4	  8	 58	 37	 27	 25	 27	 42	 14	 39	 29	 94	 14	  1
50
 74
197
 32
177
127
110
 84
 35
193
 34
105
  2
106
 36
160
 67
116
 71
185
191
 81
137
 49
 46
108
189
 10
170
169
115
 26
 21
111
  2
 17
165
 13
  8
183
161
 46
 18
 52
 64
179
 86
  6
154
129
 85
